224:3 [10809,-32752,-1,0,] -> 0
224:2 [10819,-32752,-1,0,] -> 3
20:2 [9193,180,-1,0,] -> 3
20:2 [9193,180,-1,0,] -> 4
1:2 [9373,9373,-1,0,] -> 4
21:2 [180,6,-1,0,] -> -110
128:1 [0,6,-1,0,] -> -110
20:2 [9193,174,-1,0,] -> 5
225:3 [9367,2,-32752,0,] -> 5
139:1 [9367,2,-32752,0,] -> 5
225:3 [9367,1,-1,0,] -> 3
139:1 [9367,1,-1,0,] -> 3
225:3 [9367,0,1,0,] -> 0
224:3 [10809,-32644,-1,0,] -> 0
224:2 [10819,-32644,-1,0,] -> 3
20:2 [9193,180,-1,0,] -> 3
20:2 [9193,174,-1,0,] -> 4
1:2 [9367,9373,-1,0,] -> 4
15:2 [9367,2,-1,0,] -> 0
1:2 [-32752,-32644,-1,0,] -> 0
20:2 [9367,6,-1,0,] -> 4
140:1 [-41,6,-1,0,] -> 4
1:2 [9373,9373,-1,0,] -> 4
21:2 [174,6,-1,0,] -> -110
128:1 [0,6,-1,0,] -> -110
20:2 [9193,168,-1,0,] -> 5
225:3 [9361,2,-32644,0,] -> 5
139:1 [9361,2,-32644,0,] -> 5
225:3 [9361,1,-1,0,] -> 3
139:1 [9361,1,-1,0,] -> 3
224:3 [10809,-32528,-1,0,] -> 0
224:2 [10819,-32528,-1,0,] -> 3
20:2 [9193,180,-1,0,] -> 3
20:2 [9193,168,-1,0,] -> 4
1:2 [9361,9373,-1,0,] -> 4
15:2 [9361,2,-1,0,] -> 0
1:2 [-32644,-32528,-1,0,] -> 0
20:2 [9361,6,-1,0,] -> 4
140:1 [-41,6,-1,0,] -> 4
1:2 [9367,9373,-1,0,] -> 4
15:2 [9367,2,-1,0,] -> 0
1:2 [-32752,-32528,-1,0,] -> 0
20:2 [9367,6,-1,0,] -> 4
140:1 [-41,6,-1,0,] -> 4
1:2 [9373,9373,-1,0,] -> 4
21:2 [168,6,-1,0,] -> -110
128:1 [0,6,-1,0,] -> -110
20:2 [9193,162,-1,0,] -> 5
225:3 [9355,2,-32528,0,] -> 5
139:1 [9355,2,-32528,0,] -> 5
225:3 [9355,1,-1,0,] -> 3
139:1 [9355,1,-1,0,] -> 3
225:3 [9355,0,1,0,] -> 0
224:3 [10809,28522,40,0,] -> 0
224:2 [10819,28522,40,0,] -> 3
20:2 [9193,180,40,0,] -> 3
20:2 [9193,162,40,0,] -> 4
1:2 [9355,9373,40,0,] -> 4
15:2 [9355,2,40,0,] -> 0
1:2 [-32528,28522,40,0,] -> 0
20:2 [9355,6,40,0,] -> 4
140:1 [-41,6,40,0,] -> 4
1:2 [9361,9373,40,0,] -> 4
15:2 [9361,2,40,0,] -> 0
1:2 [-32644,28522,40,0,] -> 0
20:2 [9361,6,40,0,] -> 4
140:1 [-41,6,40,0,] -> 4
1:2 [9367,9373,40,0,] -> 4
15:2 [9367,2,40,0,] -> 0
1:2 [-32752,28522,40,0,] -> 0
20:2 [9367,6,40,0,] -> 4
140:1 [-41,6,40,0,] -> 4
1:2 [9373,9373,40,0,] -> 4
21:2 [162,6,40,0,] -> -110
128:1 [0,6,40,0,] -> -110
20:2 [9193,156,40,0,] -> 5
225:3 [9349,2,28522,0,] -> 5
139:1 [9349,2,28522,0,] -> 5
225:3 [9349,1,40,0,] -> 3
139:1 [9349,1,40,0,] -> 3
224:3 [10809,28501,200,0,] -> 0
224:2 [10819,28501,200,0,] -> 3
20:2 [9193,180,200,0,] -> 3
20:2 [9193,156,200,0,] -> 4
1:2 [9349,9373,200,0,] -> 4
15:2 [9349,2,200,0,] -> 0
1:2 [28522,28501,200,0,] -> 0
20:2 [9349,6,200,0,] -> 4
140:1 [-41,6,200,0,] -> 4
1:2 [9355,9373,200,0,] -> 4
15:2 [9355,2,200,0,] -> 0
1:2 [-32528,28501,200,0,] -> 0
20:2 [9355,6,200,0,] -> 4
140:1 [-41,6,200,0,] -> 4
1:2 [9361,9373,200,0,] -> 4
15:2 [9361,2,200,0,] -> 0
1:2 [-32644,28501,200,0,] -> 0
20:2 [9361,6,200,0,] -> 4
140:1 [-41,6,200,0,] -> 4
1:2 [9367,9373,200,0,] -> 4
15:2 [9367,2,200,0,] -> 0
1:2 [-32752,28501,200,0,] -> 0
20:2 [9367,6,200,0,] -> 4
140:1 [-41,6,200,0,] -> 4
1:2 [9373,9373,200,0,] -> 4
21:2 [156,6,200,0,] -> -110
128:1 [0,6,200,0,] -> -110
20:2 [9193,150,200,0,] -> 5
225:3 [9343,2,28501,0,] -> 5
139:1 [9343,2,28501,0,] -> 5
225:3 [9343,1,200,0,] -> 3
139:1 [9343,1,200,0,] -> 3
227:3 [156,6,4,0,] -> 0
20:2 [10787,2,4,0,] -> 0
225:3 [10921,1,10789,0,] -> 0
20:2 [10787,4,10789,0,] -> 0
225:3 [10921,2,10791,0,] -> 0
20:2 [10833,2,10791,0,] -> 0
225:3 [10927,2,10835,0,] -> 0
20:2 [10833,4,10835,0,] -> 0
225:3 [10927,3,10837,0,] -> 0
20:2 [10857,2,10837,0,] -> 0
225:3 [10935,1,10859,0,] -> 0
20:2 [10879,2,10859,0,] -> 0
225:3 [10935,3,10881,0,] -> 0
13:2 [16,180,10881,0,] -> 0
224:2 [19096,160,10881,0,] -> 0
13:2 [123,160,10881,0,] -> 0
13:2 [122,180,10881,0,] -> 0
139:1 [180,180,10881,0,] -> 0
10:2 [180,3,10881,0,] -> 0
224:1 [14192,3,10881,0,] -> 0
178:0 [14192,3,10881,0,] -> 0
178:0 [14192,3,10881,0,] -> 0
187:0 [14192,3,10881,0,] -> 0
16:2 [0,1,10881,0,] -> 0
9:2 [32,8,10881,0,] -> 0
128:1 [0,8,10881,0,] -> 0
178:0 [0,8,10881,0,] -> 0
15:2 [0,1,10881,0,] -> 0
9:2 [88,2047,10881,0,] -> 0
230:1 [88,2047,10881,0,] -> 0
178:0 [88,2047,10881,0,] -> 0
5:2 [1,23,10881,0,] -> 0
16:2 [0,18,10881,0,] -> 0
229:1 [56,18,10881,0,] -> 0
140:1 [-15,18,10881,0,] -> 0
5:2 [1,23,10881,0,] -> 0
16:2 [0,19,10881,0,] -> 0
229:1 [52,19,10881,0,] -> 0
140:1 [-15,19,10881,0,] -> 0
5:2 [1,23,10881,0,] -> 0
16:2 [0,20,10881,0,] -> 0
229:1 [48,20,10881,0,] -> 0
140:1 [-15,20,10881,0,] -> 0
5:2 [1,23,10881,0,] -> 0
16:2 [0,21,10881,0,] -> 0
229:1 [55,21,10881,0,] -> 0
140:1 [-15,21,10881,0,] -> 0
5:2 [1,23,10881,0,] -> 0
16:2 [0,22,10881,0,] -> 0
229:1 [50,22,10881,0,] -> 0
140:1 [-15,22,10881,0,] -> 0
5:2 [1,23,10881,0,] -> 0
16:2 [0,23,10881,0,] -> 0
229:1 [54,23,10881,0,] -> 0
140:1 [-15,23,10881,0,] -> 0
5:2 [1,23,10881,0,] -> 0
140:1 [12,23,10881,0,] -> 0
187:0 [12,23,10881,0,] -> 0
176:0 [12,23,10881,0,] -> 0
187:0 [12,23,10881,0,] -> 0
13:2 [82,1,10881,0,] -> 0
13:2 [127,4,10881,0,] -> 0
13:2 [144,4,10881,0,] -> 0
14:2 [4,180,10881,0,] -> 0
224:1 [16130,180,10881,0,] -> 0
224:2 [17997,1,10881,0,] -> 0
128:1 [1,1,10881,0,] -> 0
232:1 [1,1,10881,0,] -> 0
140:1 [5,1,10881,0,] -> 0
233:1 [2,1,10881,0,] -> 0
128:1 [1,1,10881,0,] -> 0
10:2 [180,3,10881,0,] -> 0
11:2 [180,3,10881,0,] -> 0
13:2 [2,1,10881,0,] -> 0
10:2 [180,5,10881,0,] -> 0
6:2 [180,82,10881,0,] -> 0
138:1 [180,82,10881,0,] -> 0
131:1 [4,82,10881,0,] -> 4
10:2 [180,27,10881,0,] -> 4
187:0 [180,27,10881,0,] -> 4
128:1 [1,27,10881,0,] -> 4
131:1 [4,27,10881,0,] -> 4
128:1 [1,27,10881,0,] -> 4
17:2 [180,17,10881,0,] -> 0
224:2 [19102,3,10881,0,] -> 0
1:2 [3,3,10881,0,] -> 0
178:0 [3,3,10881,0,] -> 0
128:1 [0,3,10881,0,] -> 0
187:0 [0,3,10881,0,] -> 0
176:0 [0,3,10881,0,] -> 0
128:1 [1,3,10881,0,] -> 0
128:1 [1,3,10881,0,] -> 0
224:2 [18087,1,10881,0,] -> 0
128:1 [1,1,10881,0,] -> 0
130:1 [180,1,10881,0,] -> 0
128:1 [1,1,10881,0,] -> 0
232:1 [1,1,10881,0,] -> 0
140:1 [5,1,10881,0,] -> 0
233:1 [1,1,10881,0,] -> 0
224:4 [18261,180,1,-1,] -> 0
130:1 [180,180,1,-1,] -> 4
131:1 [4,180,1,-1,] -> 7
128:1 [180,180,1,-1,] -> 7
10:2 [180,27,1,-1,] -> 7
13:2 [7,0,1,-1,] -> 7
13:2 [5,1,1,-1,] -> 7
13:2 [6,1,1,-1,] -> 7
131:1 [180,1,1,-1,] -> 0
1:3 [4,180,82,-1,] -> 0
128:1 [4,180,82,-1,] -> 0
1:2 [4,0,82,-1,] -> 0
1:2 [4,4,82,-1,] -> 0
140:1 [65,4,82,-1,] -> 0
129:1 [4,4,82,-1,] -> 4
140:1 [-91,4,82,-1,] -> 4
128:1 [181,4,82,-1,] -> 4
1:2 [181,0,82,-1,] -> 4
1:2 [181,4,82,-1,] -> 4
10:2 [181,7,82,-1,] -> 4
10:2 [181,3,82,-1,] -> 4
17:2 [181,14,82,-1,] -> 8
128:1 [0,14,82,-1,] -> 8
129:1 [181,14,82,-1,] -> 4
140:1 [-91,14,82,-1,] -> 4
128:1 [160,14,82,-1,] -> 4
1:2 [160,0,82,-1,] -> 4
1:2 [160,4,82,-1,] -> 4
10:2 [160,7,82,-1,] -> 4
10:2 [160,3,82,-1,] -> 4
17:2 [160,14,82,-1,] -> 8
128:1 [0,14,82,-1,] -> 8
129:1 [160,14,82,-1,] -> 4
140:1 [-91,14,82,-1,] -> 4
128:1 [0,14,82,-1,] -> 4
140:1 [89,14,82,-1,] -> 4
130:1 [180,14,82,-1,] -> 4
128:1 [4,14,82,-1,] -> 4
1:3 [4,0,4,-1,] -> 4
140:1 [92,0,4,-1,] -> 4
129:1 [4,0,4,-1,] -> 4
140:1 [-133,0,4,-1,] -> 4
128:1 [181,0,4,-1,] -> 4
1:3 [181,0,4,-1,] -> 4
10:2 [181,7,4,-1,] -> 4
128:1 [0,7,4,-1,] -> 4
10:2 [181,3,4,-1,] -> 4
17:2 [181,14,4,-1,] -> 0
128:1 [0,14,4,-1,] -> 0
10:2 [181,14,4,-1,] -> 0
130:1 [181,14,4,-1,] -> 0
129:1 [181,14,4,-1,] -> 4
140:1 [-133,14,4,-1,] -> 4
128:1 [160,14,4,-1,] -> 4
1:3 [160,0,4,-1,] -> 4
10:2 [160,7,4,-1,] -> 4
128:1 [0,7,4,-1,] -> 4
10:2 [160,3,4,-1,] -> 4
17:2 [160,14,4,-1,] -> 0
128:1 [0,14,4,-1,] -> 0
10:2 [160,14,4,-1,] -> 0
128:1 [1,14,4,-1,] -> 0
224:3 [18412,180,-1,-1,] -> 0
1:2 [180,194,-1,-1,] -> 0
1:2 [180,4,-1,-1,] -> 0
6:2 [180,82,-1,-1,] -> 0
128:1 [0,82,-1,-1,] -> 0
133:1 [3,82,-1,-1,] -> 0
13:2 [5,0,-1,-1,] -> 0
2:2 [0,0,-1,-1,] -> 0
224:4 [18121,160,1,0,] -> 0
13:2 [80,160,1,0,] -> 0
128:1 [0,160,1,0,] -> 0
17:2 [160,9,1,0,] -> 0
224:2 [0,5,1,0,] -> 0
128:1 [0,5,1,0,] -> 0
128:1 [0,5,1,0,] -> 0
10:2 [160,3,1,0,] -> 0
17:2 [160,14,1,0,] -> 4
128:1 [0,14,1,0,] -> 4
17:2 [160,11,1,0,] -> 4
128:1 [0,11,1,0,] -> 4
128:1 [0,11,1,0,] -> 4
178:0 [0,11,1,0,] -> 4
138:1 [160,11,1,0,] -> 4
178:0 [160,11,1,0,] -> 4
10:2 [160,20,1,0,] -> 4
178:0 [160,20,1,0,] -> 4
140:1 [50,20,1,0,] -> 4
224:1 [10344,20,1,0,] -> 0
177:0 [10344,20,1,0,] -> 0
128:1 [0,20,1,0,] -> 0
131:1 [4,20,1,0,] -> 5
128:1 [180,20,1,0,] -> 5
10:2 [180,27,1,0,] -> 5
187:0 [180,27,1,0,] -> 5
224:2 [18473,160,1,0,] -> 0
10:2 [160,7,1,0,] -> 0
10:2 [160,12,1,0,] -> 0
10:2 [160,11,1,0,] -> 0
177:0 [160,11,1,0,] -> 0
128:1 [0,11,1,0,] -> 0
140:1 [25,11,1,0,] -> 0
129:1 [160,11,1,0,] -> 4
140:1 [-133,11,1,0,] -> 4
128:1 [0,11,1,0,] -> 4
128:1 [0,11,1,0,] -> 4
128:1 [0,11,1,0,] -> 4
184:0 [0,11,1,0,] -> 0
184:0 [0,11,1,0,] -> 0
224:1 [10901,11,1,0,] -> 0
13:2 [4,0,1,0,] -> 0
13:2 [5,0,1,0,] -> 0
13:2 [8,1,1,0,] -> 0
224:1 [11328,1,1,0,] -> -113
5:2 [11,9,1,0,] -> -113
225:3 [9993,0,0,0,] -> -113
140:1 [-13,0,0,0,] -> -113
5:2 [11,9,0,0,] -> -113
225:3 [9993,1,0,0,] -> -113
140:1 [-13,1,0,0,] -> -113
5:2 [11,9,0,0,] -> -113
225:3 [9993,2,0,0,] -> -113
140:1 [-13,2,0,0,] -> -113
5:2 [11,9,0,0,] -> -113
225:3 [9993,3,0,0,] -> -113
140:1 [-13,3,0,0,] -> -113
5:2 [11,9,0,0,] -> -113
225:3 [9993,4,0,0,] -> -113
140:1 [-13,4,0,0,] -> -113
5:2 [11,9,0,0,] -> -113
225:3 [9993,5,0,0,] -> -113
140:1 [-13,5,0,0,] -> -113
5:2 [11,9,0,0,] -> -113
225:3 [9993,6,0,0,] -> -113
140:1 [-13,6,0,0,] -> -113
5:2 [11,9,0,0,] -> -113
225:3 [9993,7,0,0,] -> -113
140:1 [-13,7,0,0,] -> -113
5:2 [11,9,0,0,] -> -113
225:3 [9993,8,0,0,] -> -113
140:1 [-13,8,0,0,] -> -113
5:2 [11,9,0,0,] -> -113
225:3 [9993,9,0,0,] -> -113
140:1 [-13,9,0,0,] -> -113
5:2 [11,9,0,0,] -> -113
140:1 [10,9,0,0,] -> -113
13:2 [104,0,0,0,] -> -113
13:2 [120,0,0,0,] -> -113
225:3 [10041,0,0,0,] -> -113
225:3 [10141,0,0,0,] -> -113
225:3 [10241,0,0,0,] -> -113
128:1 [0,0,0,0,] -> -113
1:2 [4,4,0,0,] -> -113
128:1 [0,4,0,0,] -> -113
13:2 [127,4,0,0,] -> -113
13:2 [112,0,0,0,] -> -113
131:1 [4,0,0,0,] -> 0
10:2 [180,27,0,0,] -> 0
131:1 [4,27,0,0,] -> 16
224:2 [13873,180,0,0,] -> 82
128:1 [0,180,0,0,] -> 82
13:2 [107,20,0,0,] -> 82
13:2 [3,180,0,0,] -> 82
13:2 [16,180,0,0,] -> 82
128:1 [1,180,0,0,] -> 82
10:2 [180,20,0,0,] -> 82
13:2 [4,1,0,0,] -> 82
140:1 [62,1,0,0,] -> 82
13:2 [16,180,0,0,] -> 82
13:2 [107,0,0,0,] -> 82
139:1 [1,0,0,0,] -> 82
128:1 [0,0,0,0,] -> 82
187:0 [0,0,0,0,] -> 82
178:0 [0,0,0,0,] -> 82
228:2 [9793,9553,0,0,] -> 82